4 0.030377778844096506 0.06406468392393337 0.05281365472241615 0.04871033819009811
4 0.02998068369580767 0.1167459735969199 0.05360784501899384 0.047121957596942717
1 0.027796660380219027 0.006353522372621492 0.012707044745242988 0.012707044745242984
1 0.043680466311772755 0.005294601977184577 0.011118664152087607 0.010589203954369153
1 0.06075555768819301 0.005029871878325347 0.010324473855509924 0.010059743756650695
1 0.07505098302659137 0.005029871878325347 0.0047651417794661284 0.010059743756650695
1 0.08259579084407939 0.005029871878325347 0.005559332076043795 0.010059743756650695
1 0.03891532453230664 0.15592602822808577 0.023825708897330596 0.014295425338398343
1 0.039709514828884324 0.17710443613682408 0.024619899193908282 0.016413266129272196
2 0.1320048140800172 0.14692520486687188 0.09092584028078915 0.11806962409121603
0 0.2332933996196954 0.13368869992391055 0.04407756146006161 0.0725360470874287
0 0.4038457658097535 0.13686546111022127 0.037326943939151175 0.04712195759694275
5 0.3700926782052019 0.07227131698856948 0.04129789542203973 0.027002470083641344
1 0.3162862856120636 0.05771116155131189 0.022634423452464036 0.014824885536116819
1 0.31747757105693014 0.07756591896575406 0.021840233155886325 0.015354345733835277
2 0.3286526434917248 0.1553965680303672 0.0673302388529651 0.08841985301898231
1 0.24560334921664953 0.18716417989347478 0.027399565231930153 0.01959002731558293
1 0.24659608708737163 0.21707868106456762 0.0270024700836413 0.02223732830417518
1 0.2023199780531656 0.0770364587680356 0.00675061752091036 0.016413266129272203
1 0.25136122886683776 0.33329519446376904 0.02620827978706366 0.021707868106456658
1 0.28273174558165637 0.31952922932308914 0.01667799622813149 0.033355992456262806
1 0.32641221189342917 0.2599649570797627 0.007147712669199109 0.01482488553611681
5 0.340509089657683 0.23296248699612135 0.020251852562730974 0.016942726326990645
1 0.3444800411405715 0.2493757531253935 0.012309949596954084 0.00953028355893224
1 0.3452742314371492 0.26525955905694726 0.013898330190109505 0.01058920395436914
1 0.4113905736272416 0.07333023738400637 0.01985475741444219 0.012177584547524515
1 0.43561337767286107 0.07518334807602098 0.010324473855509879 0.02329624869961213
0 0.47016065557399034 0.08259579084407939 0.01985475741444212 0.04129789542203971
1 0.4389886864333162 0.13474762031934748 0.015486710783264926 0.03017923126995207
1 0.43342935435727237 0.19325297216723705 0.010721569003798805 0.008471363163495305
1 0.42965695044852836 0.21707868106456765 0.00714771266919918 0.015883805931553745
5 0.4612260147374914 0.19060567117864471 0.019457662266153336 0.014824885536116845
1 0.38299827052458923 0.2242263937337668 0.011515759300376445 0.00582406217490302
1 0.37922586661584534 0.2739956523193018 0.00714771266919918 0.01429542533839836
1 0.40424286095804235 0.2668479396501027 0.00635352237262147 0.01588380593155378
1 0.4669838943876796 0.25202305411398584 0.01350123504182065 0.026473009885922848
1 0.4326351640606947 0.2724072717261465 0.010721569003798734 0.007941902965776855
1 0.44851896999224844 0.3062927243801277 0.023428613749041746 0.015354345733835331
1 0.4707562982964237 0.33647195565007976 0.007544807817488035 0.01747218652470913
1 0.3810127947831451 0.32747113228886604 0.012309949596954155 0.009000823361213718
1 0.37644620057782335 0.3666511869200319 0.01588380593155371 0.01005974375665076
1 0.3996762667527207 0.380681882159571 0.017075091376420205 0.01164812434980604
1 0.3992791716044319 0.39497730749796944 0.016280901079842494 0.009530283558932168
5 0.34884808777174875 0.40318394056260554 0.022634423452464036 0.01535434573383526
4 0.028987945825085557 0.41165530372610076 0.05797589165017111 0.04923979838781655
4 0.040503705125461954 0.48445608091238773 0.03812113423572885 0.08047795005320549
2 0.13143625691426808 0.4161557154067075 0.091720030577367 0.1207169250798083
1 0.4213179523344627 0.47386687695801955 0.01667799622813142 0.03282653225854439
1 0.4451436612317933 0.4725432264637234 0.01667799622813142 0.03229707206082594
1 0.35678999073752565 0.5670518717564681 0.023428613749041746 0.01800164672242751
1 0.412978954220397 0.556462667802099 0.01270704474524301 0.009530283558932168
1 0.4300540455968172 0.4166851756044261 0.0087360932623546 0.01482488553611681
0 0.23708064114117092 0.40814860439166284 0.043581084297974255 0.07564302348597965
1 0.26982615326226894 0.4878975721975587 0.11555468815205337 0.06935928590111785
1 0.2704217959847022 0.5691697125473419 0.11515759300376455 0.07200658688971025
1 0.3577827286082477 0.598290023421857 0.02700247008364137 0.02011948751330138
1 0.35659144316338126 0.6247630333077799 0.01985475741444212 0.01164812434980611
1 0.10264909583266597 0.87292955254757 0.01786928167299795 0.03388545265398122
0 0.1471237524410164 0.8877544380836869 0.03613565849428474 0.0476514177946612
1 0.20053304988586582 0.9483776307224503 0.023031518600752924 0.01535434573383526
2 0.23210211417482887 0.8861660574905315 0.07187422184028062 0.09000823361213776
1 0.3004024796805098 0.8461918125627881 0.023428613749041708 0.016413266129272158
1 0.30179231269952084 0.8689586010646815 0.02461989919390831 0.0174721865247092
1 0.3023879554219541 0.8911959293688568 0.02342861374904178 0.019590027315582858
1 0.33574394787821693 0.8520158747376909 0.009133188410643384 0.016413266129272016
0 0.326809307041718 0.704031749475382 0.061946843133059454 0.05506386056271964
3 0.4746178398102449 0.8071634764321698 0.23108614979418904 0.14001061139682108
0 0.625424858554928 0.7448001846997033 0.06988874609883639 0.07306550728514694
1 0.3770418433002567 0.7021786387833674 0.019457662266153263 0.0344149128516996
1 0.4016617424941649 0.6997960678936346 0.016280901079842636 0.03176761186310742
1 0.42628164168807314 0.6997960678936344 0.016280901079842564 0.03282653225854446
5 0.40047045704929846 0.6545272209887064 0.041694990570328584 0.02806139047907834
2 0.5055021237716975 0.6614102035590461 0.08815512292012329 0.11595178330034223
0 0.5940543418401094 0.657703982175017 0.03732694393915132 0.04500411680606902
5 0.595245627284976 0.6081994536883413 0.03970951482888438 0.02859085067679672
1 0.639521736319182 0.589403616669336 0.018663471969575553 0.016413266129272158
1 0.6452796159693702 0.6156118964563997 0.02620827978706366 0.025414089490485948
1 0.6458752586918035 0.646055857825211 0.026605374935352585 0.0217078681064568
1 0.6468679965625256 0.6775587395894591 0.0270024700836413 0.02541408949048588
5 0.6834007502050992 0.7389761225248003 0.020648947711020042 0.0561227809581564
1 0.5289307375207392 0.5669015582663016 0.01985475741444212 0.013765965140679839
1 0.5948485321366871 0.4128286407302305 0.02303151860075289 0.01694272632699068
1 0.594848532136687 0.3924444231180699 0.01985475741444212 0.014295425338398372
1 0.592465961246954 0.3712660152093315 0.02223732830417511 0.0185311069201461
2 0.5837298679845995 0.4903945596959845 0.08736093262354551 0.11489286290490526
0 0.48822848482113274 0.49118874999256207 0.039312419680595456 0.04976925858553493
1 0.5416377822659821 0.23148852301165868 0.005559332076043901 0.014295425338398395
6 0.5442189007298596 0.031502881764248224 0.04487175175663914 0.052416559574127296
1 0.5859138913001881 0.0330912623574036 0.013898330190109576 0.010059743756650695
1 0.7136943980837439 0.8336350813077115 0.007147712669199109 0.016413266129272158
1 0.7539995556350615 0.8256931783419347 0.020251852562730904 0.01535434573383526
1 0.7607501731559719 0.7976317878628564 0.009133188410643384 0.020648947711019758
1 0.7512198895970397 0.7719529682735111 0.014692520486687215 0.00953028355893224
1 0.7198493728822204 0.7515687506613503 0.02898794582508556 0.023825708897330516
1 0.7170697068441992 0.7248310106765686 0.02501699434219702 0.015883805931553495
5 0.7150842311027549 0.7031231425701117 0.026605374935352442 0.01694272632699068
1 0.7142900408061772 0.6803563540682179 0.028193755528507863 0.01588380593155378
1 0.7446678196502736 0.6321754760758383 0.007941902965776676 0.015883805931553637
1 0.7619414586008384 0.6353522372621491 0.012309949596954226 0.00953028355893224
1 0.7945032607605236 0.6274103342963723 0.012309949596954084 0.02859085067679672
5 0.8101885191179329 0.6266161439997946 0.01350123504182065 0.03335599245626284
1 0.8054233773384667 0.5810825669960074 0.0063535223726213985 0.015354345733835189
1 0.8840482166996577 0.6332343964712753 0.03335599245626284 0.02435516909504898
1 0.8848424069962354 0.6581190257640429 0.018266376821287053 0.00847136316349534
1 0.8854380497186688 0.6724144511024411 0.018663471969575626 0.008471363163495482
1 0.888416263330835 0.6877687968362765 0.014295425338398218 0.009530283558932382
0 0.7808034781445585 0.7094766649427332 0.050828178980971896 0.06671198491252568
1 0.8024451637263005 0.7886309645016426 0.0075448078174881065 0.01535434573383526
1 0.8745179331407255 0.7483919894750399 0.03415018275284055 0.023825708897330457
1 0.9011233080760781 0.747333069079603 0.006353522372621541 0.015354345733835402
1 0.933288015087474 0.6946517794066164 0.021443138007597454 0.014824885536116782
1 0.9328909199391853 0.7338318340377825 0.01667799622813149 0.03494437304941826
1 0.9497674637414613 0.7452152282887292 0.007544807817487964 0.016413266129272158
1 0.9241548266768308 0.8016027393457449 0.020648947711019758 0.03918005463116586
1 0.9410313704791068 0.7838658227221765 0.009133188410643384 0.020648947711019758
1 0.955326795817505 0.8140450539921287 0.031370516714818567 0.0248846292927675
3 0.7888679023501892 0.48635971556135354 0.28788151532121464 0.15672021852466317
6 0.9741888153612251 0.2255500442280624 0.030179231269952336 0.03388545265398123
0 0.8918539325842697 0.9138576779026217 0.08146067415730329 0.0998751560549313
1 0.9614817706159821 0.9118448770798767 0.015089615634975928 0.01005974375665076
1 0.9628716036349931 0.928258143209149 0.015486710783265068 0.009000823361214003
3 0.7653493971213302 0.9045755390619626 0.1281213022193855 0.08893084529768949
